IdleTimes
n, µs
1492
0, 1130511
1, 33580
2, 250790
3, 4732
4, 272222
5, 5031
6, 719204
7, 5009
8, 993503
9, 4909
10, 998134
11, 4965
12, 993102
13, 5039
14, 991200
15, 6469
16, 992563
17, 4967
18, 994431
19, 4889
20, 994492
21, 4928
22, 993060
23, 5011
24, 994874
25, 5991
26, 997978
27, 4926
28, 997403
29, 4966
30, 988671
31, 4954
32, 1000557
33, 7356
34, 984271
35, 4892
36, 997357
37, 5016
38, 997858
39, 5142
40, 987395
41, 4911
42, 1003168
43, 5623
44, 984207
45, 4972
46, 996211
47, 4797
48, 998975
49, 4906
50, 990793
51, 4815
52, 1000557
53, 5090
54, 988120
55, 4719
56, 999154
57, 4915
58, 989366
59, 4969
60, 1001505
61, 5807
62, 988218
63, 4910
64, 992251
65, 4712
66, 992906
67, 4700
68, 995758
69, 4892
70, 999565
71, 6952
72, 991717
73, 4761
74, 990268
75, 4850
76, 995636
77, 4790
78, 992334
79, 4670
80, 995057
81, 5598
82, 999582
83, 5023
84, 990581
85, 4658
86, 994607
87, 4990
88, 995520
89, 4922
90, 993864
91, 6238
92, 992525
93, 5237
94, 992660
95, 4795
96, 999857
97, 4677
98, 997364
99, 6956
100, 987876
101, 4984
102, 999323
103, 5232
104, 985001
105, 4838
106, 998743
107, 4939
108, 998774
109, 6224
110, 986027
111, 4971
112, 1001300
113, 5026
114, 986199
115, 4988
116, 996814
117, 4780
118, 1000145
119, 5318
120, 989122
121, 4923
122, 998635
123, 5325
124, 351455
125, 5045
126, 633101
127, 4849
128, 192111
129, 4988
130, 11828
131, 5000
132, 10735
133, 5249
134, 11465
135, 5312
136, 10894
137, 5118
138, 14240
139, 5327
140, 10146
141, 4907
142, 702630
143, 5712
144, 993661
145, 5529
146, 228067
147, 26944
148, 738698
149, 5170
150, 720981
151, 4870
152, 10422
153, 4877
154, 247524
155, 6656
156, 993002
157, 4929
158, 996497
159, 5297
160, 991133
161, 4930
162, 999499
163, 4998
164, 990883
165, 5966
166, 991819
167, 4685
168, 997454
169, 7415
170, 363551
171, 14684
172, 76911
173, 14074
174, 2745
175, 8734
176, 6940
177, 20615
178, 5699
179, 8264
180, 19158
181, 8507
182, 4947
183, 6383
184, 9406
185, 4789
186, 14789
187, 10857
188, 3681
189, 5208
190, 10737
191, 4957
192, 12872
193, 5242
194, 11082
195, 5054
196, 12757
197, 5007
198, 11438
199, 4902
200, 295035
201, 4768
202, 795695
203, 4933
204, 11561
205, 4903
206, 12318
207, 5412
208, 9806
209, 4897
210, 11771
211, 5145
212, 11496
213, 4984
214, 11296
215, 5170
216, 11216
217, 5082
218, 36060
219, 4855
220, 11460
221, 6998
222, 8889
223, 8403
224, 4732
225, 3567
226, 4943
227, 12730
228, 5091
229, 11561
230, 7345
231, 8902
232, 5179
233, 12264
234, 4916
235, 12743
236, 5509
237, 10554
238, 6374
239, 10252
240, 4852
241, 11108
242, 5229
243, 11428
244, 4898
245, 11794
246, 6468
247, 9450
248, 4928
249, 11687
250, 4919
251, 12472
252, 5012
253, 11737
254, 6472
255, 9327
256, 5062
257, 11618
258, 5055
259, 11173
260, 5042
261, 12983
262, 6255
263, 8882
264, 4951
265, 11627
266, 5172
267, 11166
268, 4893
269, 14041
270, 9806
271, 5335
272, 4958
273, 11245
274, 4707
275, 11367
276, 5044
277, 11768
278, 6109
279, 9940
280, 5005
281, 186802
282, 20476
283, 558163
284, 11247
285, 486868
286, 118203
287, 8516
288, 6215
289, 4892
290, 12192
291, 5136
292, 11424
293, 5019
294, 12459
295, 5104
296, 11211
297, 4819
298, 11340
299, 5142
300, 11246
301, 4938
302, 11609
303, 4950
304, 21126
305, 4977
306, 42227
307, 4983
308, 12420
309, 5024
310, 10924
311, 6457
312, 10093
313, 5091
314, 27802
315, 4876
316, 12067
317, 6572
318, 9012
319, 4731
320, 13030
321, 5227
322, 11413
323, 5102
324, 10844
325, 6760
326, 10062
327, 4961
328, 11062
329, 4951
330, 12814
331, 5051
332, 17227
333, 4827
334, 11742
335, 4907
336, 246676
337, 13812
338, 1097599
339, 19817
340, 39167
341, 11338
342, 22158
343, 199944
344, 586545
345, 18124
346, 110554
347, 7240
348, 97711
349, 8375
350, 56276
351, 8999
352, 152996
353, 5485
354, 34242
355, 7949
356, 185425
357, 7557
358, 68311
359, 5283
360, 10796
361, 5037
362, 11291
363, 5140
364, 11168
365, 7261
366, 9750
367, 5326
368, 10643
369, 4986
370, 11712
371, 5324
372, 10630
373, 10662
374, 6249
375, 831
376, 5523
377, 12083
378, 13636
379, 3159
380, 5235
381, 9994
382, 7018
383, 9470
384, 5232
385, 12109
386, 5252
387, 11986
388, 4965
389, 11334
390, 6187
391, 10421
392, 5013
393, 47771
394, 8395
395, 100644
396, 12044
397, 6276323
398, 7404
399, 37451
400, 5114
401, 153472
402, 5150
403, 45689
404, 5424
405, 10844
406, 5389
407, 10890
408, 5226
409, 11178
410, 5383
411, 12575
412, 7321
413, 8265
414, 5164
415, 12687
416, 5334
417, 3416
418, 7491
419, 896
420, 8305
421, 9512
422, 5286
423, 12302
424, 5318
425, 8912
426, 5178
427, 11201
428, 7305
429, 10432
430, 5374
431, 10947
432, 5232
433, 11618
434, 5272
435, 11416
436, 5595
437, 11002
438, 7523
439, 5194
440, 4381
441, 5218
442, 10523
443, 5561
444, 12216
445, 5449
446, 12078
447, 4992
448, 12339
449, 5369
450, 10854
451, 5585
452, 20403
453, 5359
454, 10876
455, 5000
456, 12051
457, 6415
458, 5748
459, 3895
460, 5113
461, 11042
462, 10506
463, 5333
464, 1542
465, 5212
466, 11042
467, 5173
468, 11948
469, 5039
470, 10062
471, 5133
472, 12788
473, 7736
474, 9141
475, 5456
476, 12799
477, 5467
478, 4329
479, 7822
480, 5156
481, 11153
482, 5400
483, 10984
484, 7334
485, 9103
486, 5097
487, 11576
488, 6580
489, 10901
490, 5113
491, 12302
492, 14744
493, 5148
494, 31671
495, 7359
496, 5196
497, 46325
498, 5492
499, 1526570
500, 15367
501, 566
502, 5427
503, 148505
504, 5755
505, 64615
506, 5693
507, 27594
508, 5130
509, 11739
510, 5841
511, 9832
512, 4977
513, 11333
514, 7335
515, 3064
516, 8636
517, 5004
518, 9009
519, 5079
520, 15951
521, 5236
522, 7731
523, 5182
524, 11686
525, 8395
526, 6966
527, 5184
528, 11572
529, 7760
530, 8891
531, 5156
532, 11391
533, 5453
534, 14089
535, 5253
536, 7550
537, 5775
538, 11085
539, 6119
540, 9650
541, 5326
542, 11405
543, 5441
544, 11943
545, 4915
546, 11896
547, 5135
548, 11015
549, 8733
550, 7981
551, 5330
552, 10986
553, 5038
554, 7332
555, 6719
556, 5922
557, 7568
558, 5116
559, 11696
560, 8836
561, 6910
562, 5109
563, 12732
564, 6836
565, 9449
566, 5432
567, 10729
568, 5425
569, 12020
570, 5380
571, 10028
572, 5042
573, 11832
574, 7349
575, 2375
576, 5155
577, 1170
578, 5321
579, 11299
580, 5109
581, 12198
582, 5463
583, 10620
584, 5180
585, 11661
586, 8346
587, 7919
588, 7170
589, 9065
590, 5140
591, 11343
592, 7355
593, 10279
594, 5296
595, 13298
596, 5355
597, 8610
598, 5656
599, 10752
600, 6844
601, 9704
602, 5514
603, 32775
604, 9592
605, 65165
606, 5341
607, 153948
608, 5196
609, 78389
610, 5402
611, 23600
612, 11150
613, 37393
614, 7599
615, 33756
616, 4972
617, 184647
618, 8769
619, 14373
620, 5247
621, 12207
622, 8075
623, 8856
624, 5063
625, 11242
626, 4982
627, 10428
628, 10280
629, 6241
630, 911
631, 5209
632, 11446
633, 7973
634, 8281
635, 5178
636, 60271
637, 7626
638, 34625
639, 5478
640, 47188
641, 4927
642, 1974
643, 8290
644, 1780
645, 5739
646, 14208
647, 5414
648, 8645
649, 5345
650, 13114
651, 5146
652, 11446
653, 5711
654, 15798
655, 5012
656, 19878
657, 5226
658, 37825
659, 5347
660, 1375413
661, 18860
662, 5480
663, 11100
664, 5173
665, 10419
666, 4833
667, 12609
668, 5349
669, 10924
670, 4928
671, 11346
672, 4896
673, 11399
674, 5099
675, 11562
676, 5012
677, 11618
678, 4746
679, 14366
680, 9716
681, 5681
682, 4861
683, 13023
684, 4952
685, 86228
686, 4745
687, 27551
688, 4868
689, 13154
690, 6077
691, 10030
692, 4706
693, 11951
694, 4778
695, 11501
696, 4712
697, 59934
698, 6599
699, 974428
700, 26895
701, 5337
702, 12154
703, 350125
704, 13653
705, 10066
706, 11803
707, 181350
708, 13819
709, 5209
710, 8918
711, 5261
712, 12646
713, 5262
714, 11583
715, 7282
716, 2917
717, 5404
718, 2144
719, 5386
720, 10882
721, 5804
722, 11930
723, 5282
724, 12257
725, 6641
726, 9518
727, 5316
728, 11394
729, 5116
730, 11108
731, 5218
732, 11057
733, 6767
734, 62242
735, 8229
736, 184532
737, 10632
738, 5575
739, 18010
740, 6303
741, 160968
742, 8309
743, 104199
744, 5313
745, 83774
746, 5593
747, 186727
748, 8675
749, 189876
750, 7497
751, 188609
752, 9055
753, 42998
754, 5387
755, 10523
756, 6002
757, 10736
758, 5284
759, 10930
760, 5438
761, 11275
762, 5246
763, 11056
764, 10959
765, 5577
766, 5608
767, 10662
768, 5183
769, 11407
770, 5419
771, 8290
772, 9013
773, 5265
774, 5489
775, 5194
776, 12177
777, 6157
778, 10812
779, 5365
780, 12417
781, 5181
782, 11100
783, 5585
784, 35783
785, 6299
786, 29432
787, 5356
788, 12775
789, 5519
790, 11114
791, 5821
792, 10441
793, 5509
794, 10765
795, 5436
796, 13112
797, 5192
798, 7649
799, 9511
800, 5226
801, 4593
802, 5137
803, 10772
804, 5453
805, 10476
806, 5213
807, 11764
808, 5354
809, 12009
810, 5235
811, 11466
812, 5348
813, 10798
814, 5060
815, 6367
816, 10331
817, 5391
818, 7209
819, 5302
820, 11116
821, 5759
822, 10769
823, 5426
824, 10795
825, 5378
826, 12246
827, 5076
828, 75787
829, 5130
830, 21942
831, 8335
832, 4896442
833, 5004
834, 129936
835, 5340
836, 36823
837, 5280
838, 99457
839, 7322
840, 6166
841, 6804
842, 11110
843, 1944
844, 5392
845, 11311
846, 8373
847, 7977
848, 6788
849, 9496
850, 5197
851, 10871
852, 8267
853, 8075
854, 5247
855, 11117
856, 8916
857, 8104
858, 5176
859, 12236
860, 6309
861, 2162
862, 5224
863, 4227
864, 5458
865, 10879
866, 6404
867, 9022
868, 5734
869, 5072
870, 6226
871, 5355
872, 11481
873, 7611
874, 8779
875, 5723
876, 10659
877, 5298
878, 10710
879, 5377
880, 31292
881, 5199
882, 5608
883, 5231
884, 43370
885, 6641
886, 72389
887, 5265
888, 15095
889, 5263
890, 56736
891, 5452
892, 11521
893, 6303
894, 9636
895, 7598
896, 9103
897, 5710
898, 10301
899, 5475
900, 12415
901, 5175
902, 8245
903, 9633
904, 5219
905, 4787
906, 5510
907, 16882
908, 5256
909, 6461
910, 11601
911, 4386
912, 6374
913, 11329
914, 5142
915, 11859
916, 5261
917, 11564
918, 5157
919, 11551
920, 7489
921, 8178
922, 8149
923, 5142
924, 3058
925, 5369
926, 12381
927, 5551
928, 11465
929, 5653
930, 10067
931, 5253
932, 11210
933, 7562
934, 9090
935, 5257
936, 11254
937, 5702
938, 10313
939, 5218
940, 10686
941, 5297
942, 12405
943, 8543
944, 6433
945, 1153
946, 6246
947, 10305
948, 10334
949, 7149
950, 5023
951, 10299
952, 5282
953, 12460
954, 7570
955, 8050
956, 6488
957, 35693
958, 7208
959, 12389
960, 6207
961, 5427
962, 7241
963, 5336
964, 10882
965, 7860
966, 25023
967, 5222
968, 11623
969, 5282
970, 57195
971, 5262
972, 6951
973, 7220
974, 5137
975, 8766
976, 7140
977, 14334
978, 5227
979, 8510
980, 5359
981, 8262
982, 5143
983, 16178
984, 5158
985, 13758
986, 5502
987, 44682
988, 5242
989, 68247
990, 8086
991, 1089038
992, 9351
993, 102218
994, 5009
995, 55533
996, 5445
997, 11364
998, 6572
999, 9133
1000, 5667
1001, 10342
1002, 6115
1003, 10134
1004, 5256
1005, 11560
1006, 5206
1007, 14802
1008, 5302
1009, 8209
1010, 5167
1011, 11449
1012, 11344
1013, 6562
1014, 5290
1015, 9967
1016, 7647
1017, 9457
1018, 5478
1019, 10474
1020, 5566
1021, 11944
1022, 7219
1023, 8685
1024, 5453
1025, 10869
1026, 5830
1027, 5242
1028, 6824
1029, 5001
1030, 9648
1031, 5337
1032, 12028
1033, 9784
1034, 5795
1035, 6903
1036, 10493
1037, 7374
1038, 10472
1039, 9371
1040, 34441
1041, 5409
1042, 11105
1043, 5734
1044, 4596
1045, 9439
1046, 5232
1047, 7585
1048, 5301
1049, 15089
1050, 5204
1051, 9604
1052, 5421
1053, 11003
1054, 12082
1055, 4126
1056, 5357
1057, 12055
1058, 5571
1059, 10744
1060, 5362
1061, 4428
1062, 9181
1063, 4943
1064, 9735
1065, 7234
1066, 4974
1067, 3437
1068, 5519
1069, 11049
1070, 6021
1071, 10455
1072, 5409
1073, 10735
1074, 5301
1075, 12861
1076, 5143
1077, 11494
1078, 5310
1079, 11484
1080, 8905
1081, 7216
1082, 5316
1083, 10954
1084, 5180
1085, 7263
1086, 5196
1087, 12224
1088, 6219
1089, 18846
1090, 5002
1091, 80999
1092, 5131
1093, 11817
1094, 7265
1095, 6912
1096, 6714
1097, 4983
1098, 7099
1099, 5658
1100, 11158
1101, 10425
1102, 5675
1103, 6912
1104, 10915
1105, 5200
1106, 10836
1107, 5428
1108, 12314
1109, 5138
1110, 15279
1111, 5799
1112, 6171
1113, 5003
1114, 12593
1115, 8332
1116, 1111
1117, 5555
1118, 1171
1119, 5146
1120, 71877
1121, 7211
1122, 10195
1123, 5096
1124, 11623
1125, 5177
1126, 10703
1127, 5220
1128, 12161
1129, 17707
1130, 5350
1131, 9109
1132, 5344
1133, 12775
1134, 5328
1135, 9227
1136, 7401
1137, 11159
1138, 8169
1139, 22961
1140, 5165
1141, 19329
1142, 5360
1143, 10654
1144, 5133
1145, 6220
1146, 5836
1147, 4961
1148, 11855
1149, 5309
1150, 11201
1151, 7172
1152, 10447
1153, 5294
1154, 11706
1155, 8253
1156, 9397
1157, 5712
1158, 10716
1159, 5048
1160, 11024
1161, 5306
1162, 12468
1163, 5258
1164, 12862
1165, 11714
1166, 5212
1167, 26747
1168, 5204
1169, 3300
1170, 5384
1171, 11445
1172, 7097
1173, 10700
1174, 5140
1175, 67978
1176, 6211
1177, 5042
1178, 7683
1179, 5346
1180, 11559
1181, 10729
1182, 5010
1183, 5104
1184, 11464
1185, 5142
1186, 12604
1187, 8705
1188, 6365
1189, 5649
1190, 13863
1191, 5239
1192, 9347
1193, 5154
1194, 10812
1195, 7264
1196, 2565
1197, 5092
1198, 35373
1199, 4972
1200, 113264
1201, 5186
1202, 156045
1203, 5171
1204, 35674
1205, 5001
1206, 7288
1207, 5307
1208, 69010
1209, 5350
1210, 26857
1211, 5588
1212, 2618641
1213, 5603
1214, 1842393
1215, 15925
1216, 4605
1217, 4247
1218, 4955
1219, 11682
1220, 5240
1221, 12185
1222, 5002
1223, 101551
1224, 4973
1225, 13034
1226, 6593
1227, 9540
1228, 4814
1229, 10971
1230, 5251
1231, 12504
1232, 4880
1233, 13024
1234, 5675
1235, 10463
1236, 4934
1237, 11051
1238, 5062
1239, 11630
1240, 4899
1241, 12149
1242, 6323
1243, 9185
1244, 4920
1245, 11714
1246, 4910
1247, 11800
1248, 5198
1249, 12034
1250, 5495
1251, 11078
1252, 4965
1253, 10875
1254, 5153
1255, 11518
1256, 4941
1257, 12340
1258, 5532
1259, 10550
1260, 4977
1261, 11177
1262, 4999
1263, 12204
1264, 4913
1265, 11845
1266, 5164
1267, 10973
1268, 5210
1269, 11097
1270, 4958
1271, 12871
1272, 4972
1273, 12454
1274, 5213
1275, 10768
1276, 5087
1277, 11585
1278, 4806
1279, 12616
1280, 5252
1281, 44032
1282, 5151
1283, 15670
1284, 5668
1285, 10251
1286, 5124
1287, 14635
1288, 4945
1289, 8195
1290, 4928
1291, 11405
1292, 5381
1293, 11644
1294, 4778
1295, 10821
1296, 4865
1297, 11745
1298, 4949
1299, 11310
1300, 5749
1301, 12077
1302, 5061
1303, 12338
1304, 5074
1305, 11368
1306, 4890
1307, 11358
1308, 5663
1309, 10614
1310, 5119
1311, 11459
1312, 4970
1313, 12403
1314, 4972
1315, 12470
1316, 6953
1317, 9644
1318, 5019
1319, 11358
1320, 4866
1321, 11306
1322, 5043
1323, 11564
1324, 6684
1325, 38262
1326, 4890
1327, 49788
1328, 5307
1329, 10903
1330, 5024
1331, 11953
1332, 6286
1333, 9763
1334, 4805
1335, 11404
1336, 5062
1337, 11167
1338, 4950
1339, 510877
1340, 4910
1341, 999292
1342, 4774
1343, 995311
1344, 5024
1345, 988262
1346, 4671
1347, 995460
1348, 5008
1349, 1001651
1350, 5204
1351, 687160
1352, 5027
1353, 11161
1354, 4870
1355, 12163
1356, 4975
1357, 11777
1358, 5456
1359, 10397
1360, 4920
1361, 12068
1362, 5047
1363, 11275
1364, 4926
1365, 12881
1366, 4968
1367, 185452
1368, 6826
1369, 117698
1370, 5125
1371, 11197
1372, 5020
1373, 10878
1374, 5105
1375, 12700
1376, 5216
1377, 10682
1378, 5071
1379, 13079
1380, 5168
1381, 10755
1382, 5084
1383, 11154
1384, 4913
1385, 12843
1386, 5323
1387, 12014
1388, 5025
1389, 11702
1390, 5064
1391, 11177
1392, 4868
1393, 11415
1394, 5506
1395, 11917
1396, 4838
1397, 11712
1398, 5068
1399, 12335
1400, 5139
1401, 11462
1402, 7157
1403, 8741
1404, 5728
1405, 10914
1406, 5168
1407, 11525
1408, 5035
1409, 11968
1410, 17118
1411, 4907
1412, 9803
1413, 5007
1414, 11670
1415, 5043
1416, 11571
1417, 6784
1418, 10306
1419, 4930
1420, 11777
1421, 4911
1422, 11613
1423, 4946
1424, 11358
1425, 7517
1426, 8776
1427, 5049
1428, 11349
1429, 4842
1430, 11749
1431, 4961
1432, 11387
1433, 7418
1434, 8849
1435, 5043
1436, 11624
1437, 5186
1438, 11147
1439, 4885
1440, 11400
1441, 7434
1442, 8931
1443, 5470
1444, 11330
1445, 4780
1446, 10934
1447, 5089
1448, 13591
1449, 6295
1450, 10621
1451, 4845
1452, 11863
1453, 4953
1454, 11869
1455, 5971
1456, 10145
1457, 9584
1458, 6391
1459, 5610
1460, 12094
1461, 5000
1462, 10490
1463, 5277
1464, 10582
1465, 7173
1466, 64021
1467, 4993
1468, 121629
1469, 6460
1470, 9480
1471, 4858
1472, 12195
1473, 4955
1474, 12411
1475, 4947
1476, 12022
1477, 6065
1478, 11715
1479, 6313
1480, 9645
1481, 5282
1482, 10602
1483, 4945
1484, 12701
1485, 5117
1486, 10331
1487, 5104
1488, 35811
1489, 5391
1490, 80196
1491, 4891
